1	1 1 4 6	4.45	99.3%	4.72	1.5
2	1 1 3 8	4.52	99.1%	4.77	1.49
3	1 1 11 11	4.52	99.6%	4.77	1.48
4	1 1 1 8	4.54	98.9%	4.72	1.27
5	6 6 6 6	4.62	99.5%	4.89	1.51
6	1 1 2 12	4.63	99.1%	4.96	1.57
7	1 2 2 6	4.8	99.2%	5.17	1.62
8	1 1 10 12	4.89	99.1%	5.17	1.57
9	1 1 1 12	4.91	99.2%	5.25	1.65
10	2 2 10 10	4.91	98.4%	5.21	1.65
11	1 1 4 8	5.03	98.2%	5.39	1.82
12	1 1 12 12	5.04	99.3%	5.4	1.62
13	4 6 11 11	5.04	98.9%	5.41	1.72
14	1 1 2 8	5.05	97.7%	5.4	1.8
15	1 1 4 12	5.06	97.4%	5.46	1.82
16	3 3 3 8	5.09	98%	5.45	1.81
17	1 1 5 8	5.1	96.4%	5.47	1.84
18	2 2 2 12	5.11	99.1%	5.47	1.72
19	1 1 3 12	5.12	97.4%	5.47	1.87
20	1 2 3 4	5.12	99.1%	5.47	1.83
21	11 11 12 12	5.12	98.7%	5.52	1.88
22	1 1 2 11	5.14	98.8%	5.47	1.74
23	1 1 2 6	5.17	98.2%	5.45	1.63
24	7 7 12 12	5.18	98.7%	5.57	1.84
25	1 1 13 13	5.19	99.2%	5.47	1.64
26	1 2 4 12	5.19	97.5%	5.61	1.97
27	3 7 7 8	5.21	96.6%	5.57	1.92
28	1 1 5 6	5.23	96.9%	5.67	2.03
29	4 6 7 7	5.24	98.7%	5.61	1.84
30	1 1 2 13	5.25	98.7%	5.53	1.8
31	1 1 11 13	5.25	99.1%	5.68	1.82
32	1 1 3 6	5.26	97.6%	5.59	1.78
33	4 6 13 13	5.26	98.8%	5.68	1.8
34	1 1 3 9	5.28	97%	5.61	1.87
35	4 4 4 6	5.28	98.2%	5.69	1.99
36	2 7 7 12	5.29	98.7%	5.65	1.85
37	12 12 12 12	5.29	99.3%	5.77	2.12
38	4 5 12 12	5.3	97%	5.68	1.84
39	10 10 12 12	5.3	98.6%	5.74	1.92
40	1 6 6 12	5.31	98.8%	5.64	1.74
41	2 11 11 12	5.31	97.1%	5.71	1.99
42	1 1 11 12	5.32	99.3%	5.75	1.84
43	1 1 1 11	5.36	97.3%	5.65	1.7
44	1 8 8 8	5.37	97.7%	5.68	1.9
45	2 9 9 12	5.37	97.3%	5.81	2.01
46	3 8 13 13	5.37	94.9%	5.74	2.07
47	1 1 4 5	5.38	97.9%	5.78	2.02
48	1 5 7 12	5.38	98.3%	5.94	2.09
49	2 2 3 8	5.4	98.1%	5.8	1.94
50	3 3 12 12	5.4	98.8%	5.91	2.07
51	5 6 12 12	5.4	97.2%	5.85	1.85
52	8 8 12 12	5.41	98.5%	5.81	1.93
53	9 9 12 12	5.42	98.5%	5.96	2.17
54	11 11 11 12	5.42	94.8%	5.7	2
55	5 5 12 12	5.43	98.7%	5.8	1.73
56	1 1 5 5	5.44	99%	5.77	1.81
57	3 8 11 11	5.44	96%	5.76	2.07
58	1 1 12 13	5.45	98.8%	5.87	1.87
59	1 6 8 12	5.46	97.1%	5.86	2.03
60	1 9 9 12	5.47	95.3%	5.75	1.78
61	2 5 5 12	5.47	98.9%	5.9	1.99
62	12 12 13 13	5.47	98.6%	5.83	1.88
63	11 12 12 12	5.49	97.7%	5.79	1.86
64	1 3 5 12	5.51	96.2%	5.9	2.14
65	3 8 10 10	5.51	95.4%	5.92	2.24
66	5 5 11 12	5.51	96.7%	5.89	1.85
67	11 11 11 13	5.51	98.5%	6.06	2.21
68	3 4 4 8	5.52	98.3%	5.94	1.93
69	1 4 10 10	5.53	97.7%	5.96	2.1
70	1 2 5 8	5.55	95.6%	6.02	2.34
71	1 3 4 12	5.55	98.6%	5.97	1.96
72	3 8 9 9	5.56	97%	5.91	2.01
73	2 3 3 12	5.57	98.6%	6	2.06
74	7 7 11 12	5.57	94%	5.89	2.11
75	1 1 3 7	5.58	96.9%	5.92	2
76	2 12 13 13	5.58	97.1%	5.95	2.05
77	4 4 12 12	5.58	98.4%	6	2.05
78	1 8 8 12	5.6	96.4%	5.91	1.86
79	1 1 1 13	5.61	97.4%	5.94	1.77
80	1 4 7 12	5.61	98.2%	6.03	2.02
81	1 6 7 12	5.61	98.8%	6.04	1.99
82	1 3 10 10	5.62	97.3%	5.91	2.01
83	1 8 9 12	5.62	96.5%	5.94	2
84	8 8 11 13	5.64	97%	6.19	2.32
85	2 3 3 8	5.66	96.9%	6.01	1.93
86	2 3 12 12	5.66	97.5%	6.07	2.01
87	3 5 5 8	5.66	96.9%	6.06	2.11
88	7 8 12 12	5.66	96.1%	6.14	2.15
89	1 3 3 4	5.67	97.4%	5.92	1.81
90	3 7 8 8	5.67	95.8%	6.03	1.99
91	1 2 5 12	5.68	95.5%	6.11	2.17
92	2 2 4 6	5.68	98.9%	6.05	1.95
93	1 1 4 7	5.69	97%	5.99	2.08
94	1 1 10 13	5.69	97.8%	6.16	2.25
95	1 6 6 11	5.69	98.3%	6.2	2.26
96	1 7 7 10	5.69	97.8%	6.18	2.2
97	2 7 7 8	5.69	96.8%	6.02	2.02
98	5 5 7 7	5.69	98%	6.03	1.9
99	6 7 12 12	5.69	95.8%	6.02	2.07
100	1 7 9 12	5.71	95.9%	6.15	2.24
101	4 6 6 6	5.71	98.2%	6.09	2.08
102	9 9 11 12	5.71	94.1%	6.04	2.18
103	3 7 7 7	5.72	97.6%	6.07	2.02
104	1 2 2 10	5.73	96.6%	6.13	2.17
105	2 2 12 12	5.73	98.8%	6.23	2.23
106	4 5 11 12	5.74	97.4%	6.13	2.11
107	4 5 5 6	5.75	97.6%	6.21	2.15
108	4 8 11 11	5.75	95.6%	6.07	2.01
109	3 6 11 11	5.76	94.2%	6.01	2
110	4 4 11 13	5.76	97.8%	6.36	2.41
111	2 2 2 3	5.78	99%	6.06	1.72
112	3 3 4 6	5.78	97.8%	6.23	2.17
113	3 3 11 12	5.78	95%	6.17	2.21
114	1 2 2 12	5.79	97.8%	6.16	1.98
115	1 1 2 10	5.8	96%	6.06	1.83
116	8 9 12 12	5.8	96.3%	6.3	2.25
117	1 6 9 12	5.81	95.3%	6.16	2.17
118	2 8 9 9	5.81	96.2%	6.21	2.1
119	4 4 11 12	5.82	91.8%	6.19	2.46
120	12 12 12 13	5.82	97.3%	6.19	2.03
121	1 8 10 12	5.83	95.6%	6.15	2.14
122	3 4 4 6	5.83	97.4%	6.17	1.96
123	6 6 11 13	5.83	97.9%	6.35	2.23
124	6 6 12 12	5.84	98.5%	6.4	2.38
125	1 4 6 12	5.85	96.5%	6.3	2.45
126	2 2 3 12	5.87	98.1%	6.28	2.06
127	1 4 4 12	5.88	95.7%	6.37	2.37
128	7 7 11 13	5.88	97.4%	6.39	2.31
129	3 8 8 8	5.89	97.6%	6.22	2.14
130	9 9 11 13	5.89	96.6%	6.44	2.46
131	3 8 12 13	5.9	95.9%	6.24	2.22
132	4 8 10 10	5.9	97.6%	6.31	2.12
133	1 2 11 11	5.91	97.7%	6.42	2.43
134	1 4 8 12	5.91	97.4%	6.28	2.16
135	1 5 6 12	5.91	98.5%	6.32	2.17
136	1 5 8 8	5.91	95%	6.48	2.74
137	1 3 6 12	5.92	96.7%	6.29	2.12
138	6 6 10 13	5.92	94.2%	6.5	2.73
139	3 4 11 13	5.93	96.5%	6.39	2.35
140	4 5 12 13	5.94	97.7%	6.44	2.16
141	2 4 11 11	5.95	96.2%	6.4	2.33
142	3 6 7 7	5.95	93.4%	6.31	2.36
143	3 6 13 13	5.95	94.8%	6.23	1.99
144	3 7 10 10	5.95	97.3%	6.34	2.17
145	4 6 6 7	5.95	96.4%	6.31	2.1
146	4 6 10 11	5.95	94.4%	6.39	2.47
147	1 4 5 12	5.96	95.7%	6.41	2.34
148	1 6 7 10	5.96	98.6%	6.52	2.25
149	1 12 13 13	5.96	94.5%	6.33	2.2
150	2 4 4 12	5.96	98.6%	6.35	2.15
151	2 10 10 12	5.96	97%	6.31	2.24
152	4 6 9 9	5.97	96.6%	6.38	2.31
153	11 13 13 13	5.97	97.7%	6.56	2.46
154	1 2 6 6	5.98	97.5%	6.42	2.26
155	1 3 3 12	5.98	95.4%	6.42	2.36
156	1 6 12 12	5.98	94.8%	6.41	2.45
157	4 6 8 8	5.98	96.6%	6.43	2.28
158	2 8 10 10	5.99	95.4%	6.31	2.1
159	10 10 11 13	5.99	97.5%	6.6	2.43
160	1 11 11 12	6.01	93.3%	6.26	2.22
161	5 5 5 5	6.01	95.1%	6.43	2.2
162	1 1 3 13	6.02	95.2%	6.42	2.18
163	1 2 6 12	6.02	96.6%	6.39	2.23
164	1 7 8 9	6.02	97.2%	6.43	2.26
165	3 6 6 8	6.02	97%	6.44	2.25
166	3 8 10 11	6.02	94.1%	6.37	2.4
167	1 2 4 4	6.03	97.3%	6.38	2.16
168	1 3 6 8	6.03	95.4%	6.45	2.57
169	2 8 8 12	6.03	97.5%	6.57	2.45
170	4 8 13 13	6.03	94.7%	6.28	1.91
171	9 10 12 12	6.03	95.8%	6.31	2.02
172	1 2 10 12	6.04	97.4%	6.59	2.44
173	4 5 5 5	6.04	97.5%	6.62	2.45
174	1 3 9 12	6.05	96.2%	6.51	2.38
175	10 11 12 12	6.05	95.9%	6.36	2.07
176	1 2 4 8	6.06	96.6%	6.43	2.25
177	1 2 6 8	6.07	96%	6.39	2.29
178	1 5 8 12	6.07	98.3%	6.55	2.22
179	1 7 8 8	6.07	96.8%	6.63	2.64
180	1 1 6 6	6.08	97.2%	6.48	2.17
181	1 10 10 12	6.08	92.3%	6.31	2.12
182	1 6 8 9	6.09	98.1%	6.56	2.39
183	3 8 12 12	6.09	96.4%	6.54	2.48
184	5 6 11 12	6.09	97.1%	6.55	2.35
185	1 1 3 4	6.1	98.1%	6.45	2.03
186	1 7 8 10	6.1	97.5%	6.5	2.31
187	2 2 11 13	6.1	98.2%	6.7	2.49
188	2 8 13 13	6.1	90.2%	6.44	2.59
189	4 6 10 10	6.11	96.1%	6.47	2.42
190	4 7 7 8	6.11	93.9%	6.56	2.47
191	1 5 7 11	6.12	98.4%	6.58	2.17
192	3 4 12 12	6.13	94.3%	6.6	2.48
193	4 7 12 12	6.13	88.5%	6.58	2.91
194	1 1 4 4	6.15	94.5%	6.42	2.47
195	3 3 4 8	6.15	96.3%	6.5	2.15
196	5 6 12 13	6.15	97.4%	6.58	2.21
197	10 13 13 13	6.15	93%	6.6	2.76
198	1 7 7 12	6.16	89.3%	6.36	2.37
199	3 9 9 9	6.16	97.8%	6.57	2.15
200	1 5 5 12	6.17	90.5%	6.37	2.3
201	1 2 3 10	6.19	98.3%	6.5	1.98
202	1 4 6 8	6.19	94.8%	6.62	2.57
203	1 10 12 12	6.19	95.8%	6.87	2.94
204	2 11 11 11	6.19	90%	6.32	2.51
205	5 5 12 13	6.19	95.4%	6.68	2.14
206	1 1 9 13	6.2	97.1%	6.62	2.54
207	2 11 12 12	6.2	95.7%	6.59	2.27
208	2 2 11 12	6.21	92.3%	6.63	2.64
209	3 3 11 13	6.21	96.7%	6.67	2.51
210	11 12 13 13	6.21	95.4%	6.72	2.39
211	1 2 3 8	6.22	97%	6.64	2.38
212	3 3 3 6	6.22	97.8%	6.8	2.61
213	3 8 11 12	6.23	93.8%	6.68	2.75
214	1 4 7 8	6.24	96.7%	6.72	2.71
215	1 5 7 13	6.24	98.1%	6.6	2.07
216	2 13 13 13	6.24	91.1%	6.4	2.33
217	3 3 3 12	6.24	96.8%	6.72	2.47
218	2 2 4 5	6.25	98.3%	6.65	2.09
219	5 5 11 13	6.25	96%	6.84	2.55
220	7 7 12 13	6.25	93.9%	6.72	2.39
221	1 3 8 9	6.26	92%	6.81	3.19
222	1 1 5 7	6.27	96.5%	6.61	2.1
223	1 2 13 13	6.27	97.2%	6.99	2.71
224	8 8 11 12	6.27	90.5%	6.65	2.73
225	1 5 10 10	6.28	97.3%	6.67	2.34
226	1 8 10 13	6.28	94.8%	6.65	2.42
227	2 3 11 12	6.28	94.3%	6.88	2.88
228	1 4 8 8	6.29	96.6%	6.76	2.5
229	7 9 11 11	6.29	95.6%	6.77	2.58
230	1 2 8 8	6.32	96.1%	6.91	2.7
231	1 2 2 8	6.33	93%	6.73	2.69
232	4 4 10 13	6.33	93.5%	6.79	2.74
233	1 3 11 11	6.34	97.2%	6.73	2.41
234	2 2 2 8	6.35	96.7%	7.02	2.85
235	1 2 10 11	6.36	97.6%	6.71	2.39
236	3 11 11 12	6.36	91.5%	6.58	2.21
237	4 4 5 6	6.36	96%	6.71	2.29
238	8 8 8 10	6.36	90.7%	6.75	2.93
239	9 9 12 13	6.36	94.2%	6.75	2.26
240	1 2 3 12	6.37	96.4%	6.92	2.58
241	5 5 5 6	6.37	96.1%	6.81	2.37
242	1 2 12 12	6.38	96%	6.74	2.2
243	1 4 4 5	6.38	97%	6.93	2.7
244	1 4 12 12	6.38	91%	6.61	2.51
245	1 5 8 9	6.38	93.7%	6.79	2.58
246	2 7 8 12	6.38	95.1%	6.89	2.64
247	2 12 12 13	6.38	95.7%	6.78	2.37
248	6 7 11 12	6.38	96.8%	6.97	2.67
249	1 3 3 7	6.39	96.2%	7.27	3.33
250	1 8 8 9	6.39	96.3%	6.91	2.7
251	10 10 11 12	6.39	93.3%	6.68	2.35
252	1 6 9 9	6.41	97.3%	6.81	2.48
253	4 4 4 4	6.41	97.6%	7.04	2.92
254	4 8 9 9	6.42	90.4%	6.56	2.25
255	1 3 5 8	6.43	95.3%	7.05	2.82
256	3 6 7 8	6.44	97.9%	6.82	2.24
257	4 5 13 13	6.44	87.9%	6.67	2.75
258	2 8 11 11	6.45	88.8%	6.68	2.84
259	3 4 5 8	6.45	96%	6.9	2.56
260	1 3 6 6	6.47	97.3%	6.93	2.59
261	1 6 6 13	6.47	97.2%	6.83	2.42
262	3 6 10 11	6.47	95.9%	7.11	2.88
263	4 5 9 9	6.47	88.5%	6.76	2.8
264	4 6 12 13	6.47	93.4%	6.91	2.91
265	1 5 7 8	6.48	94.6%	6.81	2.43
266	1 9 12 12	6.48	92.8%	6.9	2.84
267	2 5 6 12	6.48	95.1%	6.87	2.52
268	2 12 12 12	6.48	98.3%	6.82	2.43
269	3 7 9 9	6.48	91.1%	6.86	2.72
270	6 6 11 12	6.48	89.2%	6.87	3.06
271	1 1 3 11	6.49	94.2%	6.76	1.98
272	1 6 7 11	6.49	97.4%	7.09	2.91
273	1 7 8 12	6.5	95.7%	7.02	2.69
274	10 10 10 13	6.51	93%	7.01	3.06
275	1 4 4 7	6.52	96.3%	7.27	3.19
276	1 5 10 12	6.52	92.2%	6.98	3.04
277	1 3 3 5	6.53	95.3%	6.8	2.46
278	2 11 13 13	6.53	94.1%	6.98	2.54
279	2 6 6 12	6.54	97.7%	7.1	2.6
280	1 4 7 13	6.55	96.4%	7.24	2.98
281	1 5 6 6	6.55	93.7%	7.33	3.38
282	1 6 8 10	6.55	97.1%	7.01	2.41
283	2 8 10 11	6.55	94.7%	7.03	2.7
284	3 12 13 13	6.55	91%	6.74	2.32
285	3 5 11 11	6.58	94.5%	7.12	2.98
286	1 2 4 6	6.59	96.1%	6.99	2.56
287	1 2 5 6	6.59	94.8%	7.13	2.77
288	1 3 13 13	6.59	97%	7.1	2.56
289	1 4 6 13	6.59	97.7%	7.03	2.4
290	2 2 2 11	6.59	92%	6.84	2.6
291	2 3 11 13	6.59	92.2%	7.05	2.8
292	1 9 11 12	6.6	93.9%	7.1	3
293	2 10 11 12	6.6	96%	6.93	2.41
294	6 10 10 10	6.6	95.5%	6.89	2.35
295	7 8 11 12	6.6	96.3%	7.1	2.62
296	2 8 8 13	6.61	93%	6.98	2.5
297	4 6 7 8	6.61	95.8%	7.02	2.51
298	2 4 5 12	6.62	94.9%	7.13	2.93
299	5 6 6 7	6.62	97.7%	7.14	2.47
300	2 2 8 12	6.63	98%	7.03	2.19
301	4 5 6 6	6.63	95.5%	6.95	2.39
302	1 3 3 9	6.64	96.7%	7.28	2.97
303	3 4 10 13	6.64	96.4%	7.16	2.77
304	3 9 9 12	6.64	95.1%	7.06	2.64
305	4 4 5 5	6.64	93.5%	7.11	2.49
306	4 6 12 12	6.64	96.5%	7.08	2.41
307	12 13 13 13	6.64	94%	6.99	2.46
308	1 2 3 6	6.65	97.2%	7.11	2.44
309	2 3 4 6	6.65	97.8%	7.06	2.3
310	3 10 10 12	6.65	94%	7.04	2.39
311	4 4 12 13	6.65	92.3%	7.04	2.52
312	1 5 8 10	6.66	96.3%	7.19	2.6
313	3 7 11 11	6.66	87.6%	6.85	3.02
314	1 7 7 11	6.67	96.7%	7.23	2.6
315	1 1 6 12	6.68	90.9%	7.35	3.35
316	1 2 5 5	6.68	95.1%	7.16	2.86
317	2 8 9 12	6.68	95.1%	7.1	2.74
318	5 6 7 7	6.68	87.7%	6.86	2.7
319	6 7 12 13	6.68	95.5%	7.13	2.62
320	1 2 10 13	6.7	97.1%	7.23	2.78
321	1 10 11 12	6.7	94.6%	7.09	2.54
322	2 5 6 11	6.7	96.2%	7.19	2.61
323	3 6 6 7	6.7	93.5%	7.18	2.7
324	3 7 13 13	6.7	87.1%	6.84	2.84
325	10 11 11 13	6.71	94.3%	7.11	2.65
326	2 2 5 5	6.72	93.3%	7.14	2.49
327	3 8 9 10	6.72	96.1%	7.07	2.52
328	5 7 10 12	6.72	96.8%	7.17	2.46
329	3 3 3 3	6.73	96%	7.44	3.38
330	5 6 13 13	6.73	87.1%	6.86	2.62
331	1 6 6 10	6.74	93.7%	7.1	3.07
332	2 2 2 13	6.75	93.6%	7.11	2.72
333	4 6 11 12	6.75	93.1%	7.11	2.92
334	3 3 12 13	6.76	93.7%	7.27	2.67
335	4 5 7 7	6.76	91.4%	7.38	3.41
336	1 2 5 7	6.77	95.1%	7.14	2.68
337	1 4 8 13	6.77	97.2%	7.16	2.46
338	4 5 11 11	6.77	87.2%	7.14	3.44
339	1 12 12 12	6.78	93.7%	7	2.61
340	2 3 12 13	6.79	96.1%	7.3	2.61
341	1 1 2 7	6.81	95.3%	7.07	2.11
342	2 2 2 4	6.81	96%	7.2	2.5
343	9 9 10 13	6.82	91.1%	6.98	2.66
344	3 7 7 12	6.83	89.7%	6.99	2.68
345	6 8 10 12	6.84	97.3%	7.41	2.82
346	11 12 12 13	6.84	97.1%	7.46	2.71
347	1 2 11 13	6.85	93.8%	7.54	3.13
348	3 3 5 6	6.85	96.2%	7.47	2.75
349	8 9 10 13	6.85	96.1%	7.34	2.62
350	2 4 4 8	6.86	96.6%	7.31	2.69
351	5 5 10 10	6.86	87.6%	7.19	3.05
352	1 6 8 11	6.87	97.4%	7.34	2.47
353	4 7 7 7	6.87	88.8%	7.11	3.03
354	4 7 10 11	6.87	97.1%	7.33	2.61
355	1 1 3 5	6.88	95.1%	7.17	2.23
356	1 3 3 3	6.88	95.4%	7.23	2.59
357	3 4 5 7	6.88	96.8%	7.33	2.63
358	1 1 4 9	6.89	93%	7.07	2.3
359	1 3 4 4	6.89	93%	7.24	3.13
360	6 9 12 12	6.89	88.8%	7.46	3.69
361	1 3 10 11	6.9	96.6%	7.59	3.1
362	4 6 9 10	6.9	93.6%	7.43	3.24
363	5 7 11 11	6.9	96.1%	7.33	2.67
364	7 9 13 13	6.9	96.2%	7.51	2.79
365	9 11 11 11	6.9	95.2%	7.25	2.72
366	1 1 2 9	6.91	94.8%	7.21	2.33
367	1 2 7 10	6.91	91.6%	7.77	4.08
368	1 9 10 12	6.91	93.9%	7.23	2.74
369	2 4 13 13	6.91	95.4%	7.44	2.75
370	2 6 6 8	6.91	95.5%	7.55	3.04
371	6 8 11 11	6.91	94.3%	7.41	2.97
372	4 5 10 10	6.93	90.9%	7.27	3.09
373	4 7 13 13	6.93	87.8%	7.15	2.97
374	1 2 2 11	6.94	97%	7.47	2.9
375	1 2 4 10	6.94	96.2%	7.53	3.13
376	2 11 11 13	6.94	94.8%	7.46	2.89
377	5 6 11 11	6.94	87.5%	7.16	3.1
378	9 10 11 12	6.94	96.1%	7.5	2.78
379	3 3 3 7	6.95	92.5%	7.44	3.17
380	4 4 4 8	6.95	96.3%	7.52	2.84
381	4 8 8 8	6.95	94.5%	7.3	2.79
382	6 8 8 8	6.95	88%	7.31	3.34
383	7 7 10 13	6.95	89.6%	7.28	3.25
384	1 11 12 12	6.96	94.1%	7.53	3.16
385	2 6 10 12	6.96	95.2%	7.44	2.73
386	8 9 12 13	6.96	95.9%	7.45	2.72
387	1 3 6 7	6.97	96%	7.38	2.86
388	4 7 8 8	6.97	94.1%	7.4	2.54
389	1 1 8 8	6.99	89.7%	7.45	3.73
390	8 8 9 11	6.99	89.6%	7.53	3.64
391	2 4 5 8	7	94.8%	7.4	2.82
392	2 5 12 12	7	83%	7.42	4.16
393	2 8 12 12	7	94.9%	7.34	2.61
394	1 2 6 7	7.01	95.3%	7.41	2.54
395	2 6 7 13	7.01	96.7%	7.42	2.68
396	4 4 4 12	7.01	96.4%	7.43	2.9
397	8 9 11 12	7.01	95.2%	7.64	3.12
398	1 8 8 11	7.02	93.4%	7.56	3.53
399	5 5 13 13	7.02	85.6%	7.2	2.97
400	7 8 12 13	7.02	96.3%	7.5	2.65
401	1 8 8 10	7.03	92.4%	7.35	2.92
402	3 3 3 10	7.03	94.3%	7.54	3.24
403	3 3 4 4	7.03	94.6%	7.42	2.67
404	9 12 12 12	7.03	82.3%	7.01	3.52
405	2 5 5 8	7.04	87.8%	7.16	3.1
406	7 8 8 9	7.04	87.3%	7.46	3.62
407	1 3 7 13	7.05	96.8%	7.45	2.62
408	1 3 10 12	7.05	96.2%	7.55	2.75
409	6 7 10 13	7.05	96.5%	7.59	2.83
410	1 3 7 8	7.06	89.9%	7.34	3.41
411	1 3 9 11	7.06	95.3%	7.59	3.05
412	1 7 7 9	7.06	96.3%	7.47	2.85
413	1 7 8 11	7.06	92.3%	7.37	3.01
414	2 2 12 13	7.06	92.3%	7.32	2.64
415	3 6 6 12	7.06	95.3%	7.66	2.82
416	3 7 12 13	7.06	93.6%	7.63	3.15
417	6 6 6 11	7.06	89%	7.39	3.4
418	2 2 7 13	7.07	96.3%	7.61	2.91
419	2 2 10 13	7.07	90.2%	7.31	3.03
420	4 8 11 12	7.07	93%	7.68	3.15
421	2 9 9 11	7.08	87%	7.02	2.69
422	5 5 11 11	7.08	86.4%	7.29	3.15
423	5 6 9 9	7.08	90.9%	7.36	2.74
424	8 8 10 13	7.08	90.8%	7.57	3.19
425	3 5 5 6	7.09	89.3%	7.37	3.15
426	3 8 8 9	7.09	95.8%	7.46	2.54
427	1 2 11 12	7.1	97%	7.79	3.23
428	2 5 5 13	7.1	92%	7.49	2.79
429	8 8 12 13	7.1	92%	7.45	2.63
430	1 3 5 13	7.11	94.4%	7.57	2.81
431	8 10 11 11	7.11	94.9%	7.52	2.76
432	11 11 12 13	7.11	94.7%	7.54	2.5
433	2 5 9 12	7.12	95.5%	7.56	2.79
434	2 9 9 13	7.12	88.5%	7.16	2.47
435	1 6 8 8	7.13	93.1%	7.44	2.94
436	2 3 5 5	7.13	96.3%	7.7	3
437	2 6 7 12	7.13	91.9%	7.32	2.92
438	3 6 9 9	7.13	93.8%	7.69	3.25
439	3 7 11 12	7.13	90.6%	7.69	3.46
440	5 5 6 6	7.13	93.1%	7.54	2.75
441	1 3 4 11	7.15	96%	7.7	2.9
442	2 6 10 10	7.16	96%	7.69	3.05
443	2 7 7 13	7.16	86.4%	7.32	2.95
444	2 9 10 12	7.17	93.8%	7.55	2.87
445	5 5 10 13	7.17	89.4%	7.53	3.34
446	2 3 3 13	7.18	94%	7.71	2.93
447	10 10 12 13	7.18	92.5%	7.56	2.64
448	1 2 3 5	7.19	95.3%	7.51	2.41
449	1 10 12 13	7.19	94.1%	7.52	2.87
450	1 7 10 12	7.2	92.8%	7.62	3.06
451	2 8 8 8	7.2	93.8%	7.75	3.26
452	4 7 12 13	7.2	92.3%	7.89	3.58
453	2 6 7 9	7.21	96.1%	7.81	3.02
454	1 5 6 9	7.22	92.1%	7.69	3.52
455	1 5 9 9	7.22	94.5%	7.76	3.15
456	5 9 10 10	7.22	92.8%	7.67	3.1
457	7 10 12 12	7.22	85.2%	7.63	3.77
458	10 11 11 12	7.22	96.7%	7.74	2.74
459	3 8 8 12	7.23	91.5%	7.64	3.01
460	4 6 6 8	7.23	97.4%	7.7	2.63
461	6 6 12 13	7.23	90.7%	7.65	3.01
462	1 8 11 12	7.24	91.7%	7.78	3.43
463	1 3 4 5	7.25	97.6%	7.7	2.46
464	3 4 11 12	7.25	95%	7.86	3.37
465	4 7 11 11	7.25	86.8%	7.41	3.3
466	3 4 8 10	7.26	93.6%	7.74	3.25
467	1 7 9 13	7.27	93.8%	7.53	2.53
468	1 12 12 13	7.27	93.9%	7.74	3.07
469	4 5 11 13	7.27	90.1%	7.8	3.42
470	3 4 5 12	7.28	97%	7.68	2.64
471	3 6 11 12	7.28	93.2%	7.75	3.2
472	5 10 11 11	7.28	90.7%	7.53	2.79
473	3 3 9 9	7.29	95.8%	7.66	2.72
474	10 12 12 13	7.29	90%	7.79	3.54
475	1 6 8 13	7.3	94.2%	7.75	2.86
476	6 8 13 13	7.3	93.6%	7.82	3.02
477	3 7 7 9	7.31	86.7%	7.37	3.03
478	4 5 5 8	7.31	88%	7.44	2.92
479	4 8 10 12	7.31	95.7%	7.85	2.93
480	1 1 6 8	7.32	95.2%	7.68	2.56
481	2 4 10 12	7.32	96.5%	8	3.15
482	7 9 10 12	7.32	93.9%	7.93	3.25
483	1 2 2 13	7.33	96.3%	7.82	3.16
484	5 5 9 9	7.33	85.3%	7.51	3.26
485	1 8 9 11	7.34	92.5%	7.66	3.12
486	1 11 12 13	7.34	93.9%	7.87	3.28
487	3 9 10 11	7.34	93.2%	7.74	3
488	2 2 3 9	7.35	94.5%	7.82	2.91
489	2 7 8 13	7.35	94.3%	7.86	3.07
490	5 5 7 8	7.35	92.4%	7.77	2.95
491	1 4 4 4	7.36	95.8%	7.85	2.85
492	3 5 13 13	7.36	94.3%	7.8	3.06
493	5 8 8 10	7.36	91.4%	7.86	3.39
494	2 6 9 11	7.37	95.4%	7.91	3.13
495	7 10 10 11	7.37	93.2%	7.71	2.99
496	3 3 4 5	7.38	94%	7.9	3.29
497	3 6 6 6	7.38	94.4%	7.81	3.11
498	1 6 6 9	7.4	90.1%	7.89	3.39
499	3 9 13 13	7.4	86.4%	7.63	3.32
500	6 6 6 9	7.4	89.5%	8	3.93
501	2 3 3 11	7.41	89.2%	7.7	3.29
502	3 5 6 8	7.41	93.6%	7.91	3.17
503	3 9 11 11	7.41	86%	7.64	3.31
504	1 2 3 9	7.42	96.3%	7.99	3.14
505	1 2 3 7	7.43	96%	8.13	3.14
506	3 5 5 12	7.43	88.9%	7.77	3.35
507	4 4 5 8	7.43	96.4%	7.86	2.59
508	8 8 8 12	7.43	88.4%	7.86	3.93
509	1 5 5 6	7.44	94.7%	7.93	3.01
510	4 8 12 13	7.44	91.7%	8.13	3.6
511	5 6 8 8	7.44	92.1%	7.83	3.02
512	5 8 12 12	7.44	75.7%	6.84	3.53
513	5 10 13 13	7.44	92.8%	7.96	2.81
514	1 7 9 9	7.45	94.5%	7.93	3.19
515	2 3 7 12	7.45	94.8%	7.93	3.06
516	2 5 6 8	7.46	95.5%	7.99	3.03
517	3 5 10 12	7.46	94.9%	8.12	3.22
518	2 2 4 7	7.47	95.3%	8.13	3.17
519	2 2 6 6	7.47	95.9%	8.03	3.05
520	4 4 4 7	7.47	91.6%	7.92	3.38
521	2 10 10 11	7.48	85.1%	7.37	2.95
522	3 6 8 8	7.48	92.7%	7.82	2.97
523	4 4 8 8	7.49	95.4%	8.09	3.19
524	1 8 9 13	7.5	91.4%	7.97	3.63
525	2 6 6 13	7.5	85.6%	7.68	3.28
526	3 5 5 7	7.5	90.1%	7.73	3.12
527	3 7 9 10	7.5	92.3%	8.15	3.51
528	4 4 7 9	7.5	93.5%	7.92	3.35
529	5 6 11 13	7.5	91.5%	8.03	3.48
530	1 4 5 5	7.51	95.9%	7.98	2.7
531	2 4 8 10	7.51	97.8%	8.01	2.65
532	3 5 6 12	7.51	93.3%	8.06	3.19
533	2 8 12 13	7.52	89.8%	7.87	3.62
534	5 5 10 11	7.52	87.4%	7.89	3.53
535	5 7 13 13	7.52	93.9%	7.94	3.19
536	1 2 2 4	7.54	95.8%	7.88	2.41
537	3 6 10 12	7.54	93.3%	8.08	3.41
538	1 2 4 13	7.55	93.8%	7.9	2.88
539	2 10 10 13	7.55	89.9%	7.72	2.87
540	5 6 10 10	7.56	87.3%	7.94	3.61
541	3 3 10 13	7.58	89.4%	7.84	3.48
542	3 4 4 7	7.58	90.5%	8.04	3.41
543	6 7 11 13	7.58	90%	8.01	3.5
544	9 11 13 13	7.58	92.1%	8.13	3.17
545	6 6 7 10	7.59	84.6%	7.8	4.04
546	2 6 6 6	7.6	95.8%	8.16	3.06
547	2 7 8 8	7.6	92.6%	8.02	3.08
548	3 3 5 5	7.6	89.6%	7.82	3.16
549	3 4 9 12	7.6	95%	8.05	3.06
550	2 2 7 8	7.61	93.1%	7.97	3.02
551	9 10 10 13	7.61	95.1%	8.01	3.05
552	3 9 12 12	7.63	90.9%	8.16	3.39
553	1 9 11 11	7.64	89.6%	7.75	2.93
554	4 7 9 9	7.64	86.6%	7.75	3.24
555	1 2 12 13	7.65	95.6%	8.31	3.28
556	1 4 9 12	7.65	96.1%	8.34	3.36
557	2 4 4 13	7.66	85.5%	7.79	3.44
558	8 11 12 12	7.66	78.4%	7.28	3.56
559	1 2 9 12	7.67	92.1%	8.33	3.81
560	1 3 8 12	7.67	96.5%	8.18	2.9
561	2 3 5 6	7.67	94.8%	8.1	2.97
562	2 6 6 11	7.68	83.3%	7.5	3.15
563	3 5 8 11	7.68	89.7%	8.04	3.44
564	4 7 9 10	7.68	90.3%	8.16	3.6
565	2 3 4 12	7.69	94.4%	8.27	3.39
566	2 4 5 13	7.69	94.5%	8.26	3.31
567	3 3 4 12	7.69	95.2%	8.38	3.22
568	3 6 12 12	7.71	93.5%	8.37	3.54
569	4 5 7 8	7.71	95.5%	8.22	3.14
570	2 2 4 10	7.72	94%	8.1	2.99
571	2 4 4 11	7.72	84.3%	7.76	3.53
572	2 6 8 11	7.72	93.2%	8.17	3.4
573	3 6 6 9	7.73	96%	8.23	2.92
574	1 4 10 11	7.74	95.1%	8.19	3.19
575	1 6 9 13	7.74	90.7%	8.15	3.99
576	2 2 2 10	7.75	94.4%	8.25	3.41
577	1 3 5 11	7.76	93.5%	8.13	2.82
578	3 3 8 9	7.76	89%	8.18	3.71
579	1 2 2 5	7.77	94.7%	8.03	2.83
580	3 3 4 7	7.77	90.4%	8.29	3.54
581	3 4 4 9	7.77	90.7%	8.36	3.42
582	3 4 4 12	7.77	90.5%	8.1	3.35
583	4 4 4 5	7.78	85%	7.81	3.72
584	6 6 10 12	7.78	93.6%	8.21	3.1
585	1 4 8 11	7.8	95.5%	8.25	2.79
586	1 4 4 9	7.81	94.1%	8.22	3.24
587	4 8 10 11	7.81	90.1%	8.11	3.52
588	6 6 9 12	7.81	92.8%	8.21	3.31
589	3 9 10 10	7.82	85%	7.74	3.4
590	3 6 10 10	7.83	85.4%	7.86	3.6
591	1 5 6 10	7.85	91.6%	8.17	3.23
592	2 6 11 13	7.85	89.6%	7.94	3.3
593	5 6 7 8	7.85	93.4%	8.29	3.09
594	1 2 6 9	7.86	94.3%	8.36	3.54
595	4 5 10 11	7.87	87.9%	8.36	4.22
596	5 6 6 6	7.87	87.6%	7.96	3.38
597	1 2 4 11	7.88	91.7%	8.16	2.85
598	2 5 5 11	7.88	82.8%	7.79	3.45
599	3 4 7 9	7.88	93.1%	8.39	3.74
600	4 8 9 10	7.89	88.9%	8.13	3.34
601	1 2 5 9	7.9	95.1%	8.48	3.13
602	2 2 4 8	7.9	95.8%	8.47	3.13
603	1 4 4 10	7.91	91.9%	8.15	3.45
604	3 6 7 9	7.91	92.9%	8.46	3.57
605	2 3 3 6	7.92	96.3%	8.37	2.84
606	3 4 5 5	7.92	94.3%	8.64	3.62
607	3 12 12 13	7.92	92.5%	8.28	3.17
608	5 8 8 9	7.92	87.3%	8.17	3.94
609	8 9 11 13	7.92	90.3%	8.35	3.84
610	2 2 6 12	7.93	94.2%	8.53	3.44
611	2 3 5 11	7.93	95%	8.49	3.28
612	2 4 6 10	7.93	94%	8.38	3.37
613	5 8 8 13	7.93	92.4%	8.3	3.58
614	2 2 9 11	7.94	91.1%	8.28	3.28
615	2 5 6 13	7.94	91.8%	8.47	3.64
616	8 10 13 13	7.94	92.3%	8.37	3.39
617	3 5 8 8	7.95	92.5%	8.47	3.83
618	3 7 12 12	7.95	91.4%	8.26	3.35
619	2 6 8 10	7.97	93.2%	8.49	3.6
620	3 4 12 13	7.97	93.3%	8.58	3.78
621	5 6 10 11	7.97	90.2%	8.34	3.65
622	2 5 6 7	7.98	92.4%	8.46	3.61
623	2 7 8 11	7.98	94.8%	8.6	3.53
624	6 7 8 10	7.98	91.5%	8.46	3.56
625	8 10 10 12	7.99	94.4%	8.5	3.36
626	2 2 3 7	8	88.4%	8.48	3.91
627	2 4 8 8	8	93.9%	8.74	4.1
628	1 3 12 12	8.01	85.5%	8.3	4.4
629	2 2 3 3	8.01	93%	8.37	3.23
630	3 12 12 12	8.01	91.1%	8.34	3.47
631	4 5 8 9	8.01	89.1%	8.39	4.01
632	5 5 8 8	8.01	85%	8.23	3.65
633	1 3 6 9	8.02	93.3%	8.56	3.22
634	2 7 7 11	8.02	86.7%	8.11	3.81
635	10 12 13 13	8.02	94.3%	8.47	3.03
636	4 10 12 12	8.03	92.1%	8.5	3.36
637	3 4 10 12	8.04	92.5%	8.42	3.52
638	10 11 12 13	8.04	96%	8.71	3.52
639	2 7 11 12	8.07	91.8%	8.45	3.39
640	4 6 8 9	8.07	93.2%	8.51	3.51
641	7 8 11 13	8.07	90%	8.66	3.95
642	1 1 7 10	8.08	84.8%	8.21	4.34
643	1 3 4 13	8.08	93.7%	8.71	3.69
644	1 4 6 11	8.08	92.8%	8.41	3.25
645	4 4 10 12	8.08	90.9%	8.53	3.91
646	4 8 8 9	8.08	92.2%	8.41	3.09
647	3 9 12 13	8.09	89.4%	8.56	3.99
648	3 6 9 10	8.1	92.4%	8.47	3.58
649	6 8 8 10	8.11	91%	8.54	3.89
650	1 4 5 11	8.14	90.8%	8.44	3.92
651	1 4 9 11	8.14	94.5%	8.85	3.76
652	4 4 6 12	8.15	93.7%	8.81	3.78
653	2 8 8 9	8.16	90.3%	8.47	3.38
654	3 4 9 11	8.16	89.8%	8.45	4.06
655	1 5 9 10	8.18	93.3%	8.67	3.84
656	1 6 11 12	8.18	89.1%	8.2	2.86
657	2 3 4 8	8.18	92.8%	8.92	4.09
658	2 4 8 11	8.18	93.1%	8.58	3.67
659	2 7 9 10	8.18	94.1%	8.63	3.22
660	4 5 9 10	8.18	90.5%	8.49	3.61
661	2 2 6 10	8.19	95.2%	8.65	3.02
662	2 4 9 13	8.19	93.5%	8.63	3.6
663	3 7 10 11	8.19	90.6%	8.44	3.48
664	5 5 8 9	8.19	89.8%	8.71	3.96
665	3 7 8 12	8.21	95%	8.7	3.22
666	4 4 8 11	8.21	86.8%	8.3	3.7
667	5 8 9 11	8.21	89.8%	8.46	3.7
668	9 10 12 13	8.22	93.5%	8.81	3.56
669	1 5 5 13	8.23	93.4%	8.5	3.3
670	2 4 4 4	8.24	94.6%	8.72	3.12
671	3 4 5 10	8.24	90.2%	8.68	4.06
672	1 8 11 13	8.25	87.8%	8.43	3.7
673	2 4 7 10	8.25	91.4%	8.58	3.77
674	4 6 8 12	8.26	94.3%	8.91	3.52
675	4 7 9 12	8.26	94.9%	8.76	3.31
676	6 6 8 11	8.26	83.2%	8.09	4.09
677	2 5 10 11	8.27	94.4%	8.9	3.53
678	1 3 4 9	8.28	94.4%	8.78	3.8
679	2 8 9 10	8.28	88.8%	8.52	3.88
680	3 5 6 6	8.28	92.2%	8.82	3.64
681	5 8 11 13	8.29	88.7%	8.41	3.34
682	5 6 9 10	8.3	91%	8.83	3.84
683	2 8 9 13	8.31	90.2%	8.56	3.64
684	3 4 7 10	8.31	93.4%	8.6	3.43
685	2 4 9 9	8.32	90.9%	8.62	3.83
686	4 4 4 9	8.32	88.6%	8.47	3.95
687	6 6 7 9	8.32	90.8%	8.69	3.73
688	1 3 6 13	8.33	91.9%	8.62	3.24
689	2 2 4 11	8.33	91.7%	8.74	3.71
690	2 8 8 11	8.33	84.1%	8.14	3.44
691	6 8 8 11	8.33	87.7%	8.66	3.83
692	1 2 2 7	8.35	91.8%	8.79	3.44
693	1 6 12 13	8.35	89.1%	8.52	3.32
694	7 8 8 11	8.35	80.4%	8.08	4.44
695	2 9 10 11	8.37	88.5%	8.35	3.32
696	3 3 7 11	8.37	92.6%	8.73	3.57
697	2 4 8 12	8.38	93.7%	9.12	4.33
698	1 2 7 8	8.39	94.7%	9	3.53
699	1 2 8 9	8.39	93.5%	8.99	3.44
700	2 9 10 13	8.4	90.3%	9.1	4.13
701	1 2 6 13	8.41	90.9%	8.97	3.99
702	1 4 9 10	8.42	93.6%	8.96	3.71
703	4 4 6 11	8.42	86.4%	8.58	4.41
704	4 4 7 12	8.44	89.4%	8.82	4.16
705	4 7 8 9	8.44	92.4%	8.85	3.66
706	1 3 4 10	8.45	92.9%	8.73	3.33
707	2 2 3 13	8.45	88.1%	8.55	3.5
708	1 4 6 7	8.46	87.8%	8.82	4.55
709	6 6 9 11	8.46	89.5%	8.96	4.11
710	2 10 11 13	8.47	89.5%	8.54	3.39
711	4 4 4 11	8.47	86%	8.67	4.5
712	1 11 13 13	8.48	92%	8.84	3.69
713	3 3 8 12	8.48	91.5%	9.04	3.85
714	6 8 10 13	8.48	86.7%	8.52	3.69
715	5 7 8 8	8.49	82.9%	8.41	4.58
716	6 6 8 9	8.49	90.9%	8.83	3.54
717	2 9 12 13	8.5	90.4%	8.98	3.93
718	4 4 9 11	8.51	82.6%	8.32	4.51
719	5 6 10 13	8.51	91.7%	9.22	4.22
720	2 3 3 7	8.52	92.2%	8.96	3.77
721	3 11 12 12	8.53	90.8%	8.82	3.28
722	2 6 6 10	8.54	93.9%	8.98	3.51
723	3 6 8 9	8.54	93.8%	8.97	3.23
724	3 7 7 13	8.54	93.3%	8.9	3.15
725	4 5 6 7	8.54	90.7%	9.02	3.84
726	3 7 10 13	8.55	88.5%	9.15	4.62
727	2 2 8 10	8.58	94.2%	9.16	3.19
728	2 4 6 9	8.58	92%	9.11	4.25
729	1 6 10 13	8.59	87.1%	8.72	4.14
730	1 2 9 13	8.6	93.4%	9.31	4.23
731	2 4 6 6	8.61	94.2%	9.35	4.05
732	6 8 9 13	8.61	94.2%	9.31	3.94
733	1 2 3 3	8.62	95.8%	9.03	2.96
734	1 3 4 7	8.62	95.2%	9.43	3.81
735	2 3 10 13	8.63	93.6%	9.19	4
736	1 3 8 8	8.64	87.1%	8.98	4.51
737	2 2 4 13	8.65	91%	9.21	4.15
738	4 6 10 12	8.65	93.6%	9.22	3.86
739	1 2 6 11	8.66	90.4%	9.17	4.24
740	2 6 7 8	8.66	89.7%	9.07	3.89
741	1 2 5 13	8.67	94.1%	9.25	3.76
742	6 6 8 10	8.67	90.2%	8.92	3.91
743	2 9 11 11	8.68	89.1%	9.11	3.96
744	3 6 7 12	8.68	89.8%	8.98	3.87
745	4 8 9 11	8.68	93.2%	9.24	3.87
746	1 2 3 11	8.69	95.8%	9.06	3.43
747	4 5 9 13	8.69	89.3%	9.39	4.78
748	1 3 9 13	8.71	93.7%	9.33	4.17
749	2 3 7 11	8.71	92.1%	9.17	4.21
750	4 4 8 10	8.71	91.5%	9.1	4.31
751	2 8 11 12	8.72	88.3%	8.97	4.27
752	2 4 10 13	8.73	89.2%	9.28	4.62
753	2 4 7 11	8.75	92.7%	9.14	3.85
754	3 9 9 10	8.75	86.5%	8.74	3.74
755	2 3 5 9	8.76	92.3%	9.35	4.36
756	6 6 8 13	8.76	83.9%	8.68	4.24
757	4 5 8 12	8.77	93%	9.26	3.83
758	4 8 8 12	8.77	94.7%	9.39	3.78
759	6 8 12 12	8.78	91.2%	9.45	4.15
760	5 5 9 10	8.79	87.5%	9.13	4.27
761	3 4 7 7	8.81	94.1%	9.49	3.84
762	5 6 6 10	8.81	89%	9.15	3.94
763	4 11 12 13	8.83	90.9%	9.32	3.96
764	9 10 11 13	8.83	89.4%	9.06	3.8
765	4 12 12 12	8.85	85.8%	9.19	4.69
766	2 8 9 11	8.86	90.6%	9.29	3.83
767	8 8 9 13	8.87	82%	8.58	4.64
768	3 4 4 5	8.88	91.6%	9.23	4.04
769	1 1 3 10	8.91	88.2%	8.98	3.94
770	2 2 5 6	8.91	88.7%	9.18	4.26
771	3 9 10 12	8.91	90.2%	9.18	3.59
772	4 4 8 13	8.91	86.7%	8.8	4.09
773	1 5 5 9	8.92	88.3%	8.99	3.55
774	2 3 4 13	8.92	90.9%	9.3	3.91
775	4 5 8 8	8.92	86.8%	8.94	4.07
776	2 2 5 7	8.94	89.1%	8.98	3.6
777	2 3 9 9	8.94	90.7%	9.32	3.85
778	2 5 8 13	8.94	92.6%	9.47	3.98
779	3 10 11 12	8.94	89.3%	9.15	3.74
780	2 5 7 10	8.95	92.3%	9.3	3.73
781	3 5 9 12	8.95	90.1%	9.29	4.08
782	4 4 5 10	8.95	86.4%	9.16	4.77
783	5 5 6 7	8.97	91.1%	9.46	4
784	6 6 6 12	8.97	89.2%	9.18	4.48
785	3 5 6 9	8.98	92.4%	9.42	3.65
786	1 2 4 9	8.99	90.9%	9.36	3.93
787	1 3 5 10	8.99	93.2%	9.51	3.68
788	2 10 11 11	9.04	86.3%	9.08	3.98
789	1 2 4 5	9.05	90.8%	9.5	4.25
790	2 5 8 9	9.05	92.4%	9.45	3.71
791	5 10 10 12	9.05	86.5%	9.09	3.61
792	1 4 5 10	9.06	91.1%	9.17	3.6
793	1 4 6 9	9.07	86.3%	8.93	3.99
794	2 2 3 6	9.07	92%	9.34	3.94
795	3 5 6 7	9.07	89.5%	9.13	3.8
796	5 11 12 12	9.07	83.2%	8.91	4.1
797	7 8 10 13	9.07	92.3%	9.57	4.2
798	1 3 3 10	9.1	89.7%	9.19	4.1
799	2 11 12 13	9.1	89.8%	9.54	3.98
800	4 5 5 9	9.1	91.7%	9.49	3.96
801	4 7 10 10	9.1	84.3%	8.94	4.19
802	5 6 7 12	9.1	84.7%	9.03	4.03
803	7 12 12 13	9.1	82.4%	8.9	4.13
804	1 7 12 12	9.11	80.7%	8.59	4.18
805	2 3 4 11	9.11	88.6%	9.36	4.15
806	1 1 4 10	9.13	85.7%	9.1	5.09
807	1 3 5 7	9.13	90%	9.39	4.03
808	2 3 6 10	9.13	92.5%	9.32	3.67
809	1 5 9 11	9.14	92.9%	9.66	3.98
810	1 5 6 8	9.15	90.4%	9.3	3.93
811	3 4 7 11	9.15	87.2%	9.05	4.5
812	2 2 3 11	9.16	86.1%	9.33	4.3
813	4 7 7 11	9.16	87.6%	9.47	4.52
814	6 8 11 13	9.17	86.2%	9.58	4.66
815	3 3 6 11	9.18	90.3%	9.59	4.25
816	8 8 8 13	9.18	84.3%	9.16	4.19
817	1 2 7 9	9.19	93%	9.66	3.79
818	2 3 8 12	9.2	93.8%	9.79	3.8
819	3 6 12 13	9.2	86.2%	9.18	4.53
820	3 4 6 10	9.21	90.2%	9.92	4.84
821	1 5 10 13	9.22	88.4%	9.23	3.4
822	2 3 3 9	9.23	93.6%	9.65	3.7
823	3 4 5 9	9.26	84.9%	9.19	4.5
824	3 7 7 10	9.26	89.2%	9.65	4.26
825	2 8 8 10	9.27	92.8%	9.48	3.73
826	4 5 7 11	9.31	87.4%	9.66	4.9
827	2 3 4 4	9.32	93.6%	9.72	3.55
828	2 2 5 11	9.35	87.4%	9.55	4.53
829	3 5 5 9	9.35	83%	9.09	4.16
830	2 2 6 8	9.36	95.5%	9.83	3.62
831	4 5 5 7	9.37	82.6%	9.11	4.28
832	2 7 9 13	9.39	87.4%	9.79	4.79
833	5 8 9 12	9.39	92%	9.84	3.91
834	3 3 3 9	9.42	84.4%	9.5	4.8
835	3 7 8 9	9.42	87%	9.37	3.84
836	1 6 9 10	9.43	91.6%	9.68	3.73
837	4 5 10 13	9.45	91.1%	9.9	4.44
838	4 5 7 12	9.46	87.9%	9.49	3.99
839	5 6 8 9	9.46	89.7%	9.67	4.14
840	2 2 4 9	9.47	90.6%	9.86	4.28
841	2 5 6 10	9.47	88.1%	9.56	4.49
842	5 9 9 11	9.47	89.6%	9.75	3.96
843	2 3 8 11	9.48	92.6%	10.04	4.03
844	3 4 6 12	9.48	93.1%	10.02	4.08
845	3 3 5 9	9.51	87.6%	9.6	3.98
846	2 4 5 9	9.52	86.1%	9.55	4.59
847	6 6 6 8	9.52	91.7%	9.87	4.17
848	3 3 6 9	9.53	94.2%	10.17	4.01
849	3 3 4 9	9.54	92.4%	9.83	3.82
850	3 8 9 12	9.54	90.2%	10.06	4.54
851	3 9 11 12	9.54	90%	9.92	4.47
852	4 9 12 12	9.54	89.5%	10.06	4.26
853	2 4 4 7	9.55	88.9%	9.65	4.29
854	6 7 9 12	9.55	86.5%	9.6	4.69
855	1 9 11 13	9.56	87.4%	9.57	3.99
856	4 7 11 12	9.56	86.6%	9.81	4.83
857	6 6 8 12	9.56	90.8%	9.94	4.25
858	5 7 8 9	9.57	88.3%	9.75	4.32
859	3 5 9 13	9.58	91.4%	10	4.1
860	2 3 6 11	9.59	90.4%	9.93	4.28
861	3 8 8 11	9.59	89.6%	9.84	4.58
862	2 6 8 8	9.63	92.7%	9.95	4.07
863	3 7 8 13	9.63	84.7%	9.71	4.92
864	2 2 2 5	9.64	78.4%	8.83	4.57
865	4 4 5 7	9.64	85.5%	9.47	4.56
866	2 4 6 13	9.66	87.4%	9.98	4.93
867	2 3 4 10	9.68	92%	10.05	4.06
868	4 7 8 13	9.68	90.6%	10.12	4.42
869	6 6 8 8	9.69	85.9%	9.71	4.4
870	2 3 9 13	9.73	87.4%	10.11	5.39
871	4 9 9 10	9.74	90.2%	10.14	4.16
872	3 3 7 9	9.76	90.3%	9.97	3.72
873	5 6 9 12	9.8	86.8%	9.87	4.23
874	2 4 5 11	9.82	87.7%	10.12	4.67
875	4 6 7 10	9.84	86.6%	9.99	4.62
876	3 3 3 5	9.85	85.5%	9.5	4.03
877	1 2 5 10	9.86	91.7%	10.1	4.04
878	3 3 7 12	9.87	84.2%	9.88	5.18
879	1 7 9 10	9.89	86.4%	9.84	3.89
880	1 5 5 11	9.9	87.7%	9.86	4.08
881	2 2 7 12	9.91	83.2%	9.61	4.22
882	3 6 9 11	9.91	86.5%	9.89	4.68
883	1 3 5 9	9.92	90.5%	10.25	4.32
884	1 5 6 13	9.93	90.4%	10.32	4.74
885	6 9 10 11	9.93	91.4%	10.26	4.07
886	2 5 8 11	9.94	86.2%	10.16	5.01
887	3 4 4 13	9.95	89.8%	10.15	4.16
888	6 12 13 13	9.96	87.2%	10.01	3.79
889	4 6 6 9	9.97	88.4%	10.48	5.32
890	1 4 4 8	9.98	89.7%	10.2	5.28
891	4 4 6 13	9.98	83.1%	9.55	5.1
892	6 8 9 11	9.98	84.2%	9.77	4.56
893	6 11 11 12	9.98	86.3%	9.87	3.9
894	3 4 5 6	9.99	84.1%	10	5.08
895	5 5 5 9	9.99	87.5%	9.8	4.22
896	3 3 6 10	10	86.6%	9.83	4.26
897	3 4 8 11	10	87.1%	10.01	4.92
898	6 10 12 12	10	88.7%	10.27	4.63
899	7 8 9 13	10	83.7%	9.79	4.35
900	2 4 12 12	10.01	85.2%	10	4.73
901	2 6 12 12	10.01	88.7%	10.56	5.21
902	3 3 6 13	10.01	86.1%	10.28	5.32
903	5 7 9 13	10.06	91%	10.5	4.11
904	5 6 7 13	10.08	86.3%	10.27	5.24
905	6 7 8 9	10.08	84.3%	9.81	4.45
906	6 8 9 9	10.08	86.8%	10.17	4.14
907	4 5 7 9	10.09	86.7%	10.5	5.14
908	2 4 6 7	10.1	90.5%	10.27	4.16
909	4 5 6 10	10.11	90.8%	10.63	4.42
910	4 7 9 13	10.12	84.1%	10.22	5.6
911	5 5 6 11	10.12	87%	9.98	4.48
912	2 3 6 9	10.14	93%	10.59	4.15
913	4 9 11 12	10.14	88.8%	10.34	4.31
914	1 11 11 13	10.15	87.4%	10.09	4.26
915	1 6 6 6	10.16	85.8%	9.94	4.94
916	6 9 9 11	10.16	82.6%	9.55	4.96
917	6 6 7 12	10.17	84.3%	9.99	4.65
918	1 2 4 7	10.18	89.4%	10.51	4.89
919	7 9 9 13	10.18	88.1%	10.4	4.74
920	1 5 9 13	10.21	85.1%	10.17	4.73
921	1 8 10 11	10.21	86.9%	10.15	3.43
922	1 4 5 13	10.22	88%	10.4	4.54
923	3 4 6 11	10.22	88.8%	10.41	4.61
924	6 7 8 11	10.22	83.9%	9.98	4.89
925	5 5 8 10	10.23	80.7%	9.74	4.04
926	1 3 3 11	10.25	88.1%	10.18	4.79
927	5 6 8 12	10.25	88.4%	10.4	4.07
928	6 9 12 13	10.27	88.3%	10.5	4.25
929	1 5 10 11	10.29	86.4%	10.07	3.66
930	2 4 6 12	10.31	94.5%	11.11	4.82
931	1 2 8 13	10.32	92%	10.66	4.86
932	3 3 6 7	10.32	88.6%	10.64	4.51
933	5 8 11 12	10.32	87%	10.59	4.29
934	2 4 8 9	10.34	84.4%	10.18	4.77
935	3 4 9 13	10.36	79.5%	9.3	5.26
936	5 6 8 10	10.37	86.9%	10.28	4.34
937	3 6 9 12	10.4	92.9%	10.83	4.18
938	1 3 9 9	10.42	85%	10.07	3.91
939	2 7 12 13	10.42	80.5%	9.71	4.79
940	2 6 8 12	10.48	93.7%	11.14	4.52
941	2 6 8 13	10.49	87.3%	10.74	5.02
942	8 8 10 12	10.49	79.1%	9.64	5.54
943	4 5 10 12	10.51	86.3%	10.3	4.23
944	7 8 8 12	10.52	83.7%	10.28	4.4
945	6 10 12 13	10.53	82.9%	10.2	4.76
946	1 2 7 11	10.54	87.9%	10.6	4.6
947	6 11 12 13	10.55	80%	9.72	5.03
948	2 5 10 10	10.56	78%	9.56	3.98
949	1 2 3 13	10.57	92.2%	11.05	4.83
950	5 6 6 8	10.58	81.4%	10.2	5.54
951	1 2 2 9	10.59	82.4%	9.92	4.44
952	1 5 12 12	10.59	82%	9.98	4.75
953	2 2 8 8	10.6	91.4%	10.9	4.8
954	1 3 6 11	10.62	88.3%	10.58	4.18
955	1 4 4 11	10.63	86.6%	10.62	5.2
956	1 7 10 13	10.63	84%	10.33	4.63
957	4 5 6 8	10.64	87.4%	10.62	4.35
958	2 3 9 10	10.65	89.9%	10.85	4.2
959	6 7 10 12	10.66	85.1%	10.69	4.71
960	2 2 5 12	10.68	85.1%	10.51	5.16
961	2 3 6 6	10.68	91.7%	11.08	4.41
962	2 3 6 13	10.69	90.6%	10.93	4.56
963	3 9 10 13	10.7	83.3%	10.84	6.17
964	1 9 10 13	10.71	83.3%	10.31	4.43
965	3 4 6 8	10.72	91%	11.32	5.05
966	1 3 8 13	10.73	90.7%	11.16	5.09
967	4 4 7 10	10.74	74.9%	8.9	4.32
968	5 10 12 13	10.77	83.4%	10.38	4.57
969	1 3 7 10	10.81	86.5%	10.77	5.1
970	2 3 4 7	10.83	87%	10.75	4.8
971	1 7 9 11	10.86	85.2%	10.48	4.15
972	2 3 10 12	10.87	86.6%	11.02	3.87
973	6 8 8 12	10.89	88.1%	11.22	4.86
974	1 2 7 12	10.9	78%	9.52	5.47
975	5 8 8 8	10.91	80.1%	10.46	5.19
976	1 2 6 10	10.92	86.8%	10.9	4.95
977	3 4 6 6	10.92	90.5%	11.2	4.59
978	2 5 6 6	10.93	78.6%	9.8	5.42
979	3 3 4 11	10.93	88.8%	11.05	5.46
980	2 5 7 7	10.96	83%	10.54	4.72
981	3 5 7 10	10.98	84.7%	10.62	4.97
982	2 2 8 9	10.99	87.4%	11.3	4.88
983	3 3 9 12	10.99	86.9%	11.01	4.74
984	2 3 3 10	11.04	85.3%	11.33	4.89
985	2 3 4 9	11.05	88.2%	11.12	4.69
986	4 10 12 13	11.12	81.8%	10.25	5.39
987	4 4 8 12	11.13	92%	11.66	4.92
988	7 7 8 11	11.16	79.8%	10.18	4.43
989	1 5 6 7	11.17	89.2%	11.58	4.73
990	2 4 6 11	11.17	85.3%	11.02	5.4
991	4 8 11 13	11.18	82.8%	10.48	5.07
992	3 4 8 12	11.19	88.3%	11.25	5.44
993	2 6 7 11	11.2	82.4%	10.68	5.06
994	2 4 4 6	11.22	90.1%	11.66	4.7
995	5 9 12 12	11.22	82.9%	11.04	4.92
996	4 4 5 11	11.23	85.1%	11.25	4.77
997	4 4 9 12	11.23	78.2%	10.26	4.72
998	3 3 5 12	11.25	86.8%	11.36	5.06
999	4 9 10 13	11.25	82.8%	10.77	4.81
1000	2 4 5 6	11.27	91.2%	11.79	4.53
1001	4 8 9 13	11.27	83.8%	10.79	6.09
1002	2 3 4 5	11.31	85.2%	11.09	5.7
1003	4 5 6 13	11.32	78.8%	10.16	5.03
1004	2 4 6 8	11.33	93.5%	11.78	4.49
1005	3 3 6 12	11.36	87.3%	11.62	6.18
1006	3 6 7 13	11.39	82.4%	10.81	6.15
1007	6 7 9 9	11.39	80.6%	10.63	5.87
1008	3 7 9 12	11.4	85.8%	11.48	5.53
1009	5 5 8 13	11.42	80.2%	10.78	4.49
1010	5 8 10 11	11.43	87%	11.08	4.76
1011	1 3 4 8	11.44	89.5%	11.58	4.64
1012	3 4 6 9	11.45	82.6%	10.85	5.5
1013	7 8 10 10	11.45	79%	10.67	5.04
1014	2 4 9 12	11.48	87.2%	11.46	4.91
1015	3 7 8 11	11.49	82.8%	10.99	5.42
1016	3 3 5 13	11.52	85.3%	11.5	4.71
1017	2 3 7 13	11.54	86.2%	11.57	5.27
1018	3 7 9 11	11.54	88.4%	11.79	4.81
1019	3 5 7 9	11.56	86.1%	11.46	4.87
1020	1 6 7 9	11.57	84.9%	11.43	4.67
1021	2 3 5 7	11.58	89.6%	11.69	5
1022	8 9 9 12	11.59	82.8%	11.07	4.79
1023	4 8 8 10	11.6	86%	11.71	5.53
1024	6 8 9 12	11.6	86.2%	11.62	5.1
1025	1 3 7 12	11.62	85.9%	10.97	4.89
1026	1 3 7 7	11.63	86.1%	11.5	4.61
1027	2 9 11 13	11.63	82.6%	11.23	5.23
1028	1 4 7 7	11.64	85.1%	11.48	4.67
1029	2 6 10 13	11.68	84.8%	11.4	5.55
1030	4 6 8 13	11.69	80.9%	10.96   5.25
1031	1 5 7 9	11.7	84.6%	11.28	4.91
1032	4 6 6 12	11.7	85.9%	11.68	6
1033	2 5 11 12	11.71	76.7%	10.24	5.24
1034	3 5 6 10	11.73	86%	11.72	5.81
1035	1 4 8 9	11.75	89%	11.88	4.95
1036	4 6 7 12	11.78	81.1%	11.36	5.39
1037	3 3 3 11	11.85	78.1%	10.83	5.49
1038	2 2 2 7	11.93	73.3%	9.45	5.66
1039	6 9 9 12	11.93	87.4%	12.03	5.73
1040	1 3 3 6	11.95	87.2%	11.94	5.21
1041	2 7 9 11	11.95	83.2%	11.45	5.28
1042	3 4 8 9	11.98	88.5%	12.23	5.05
1043	4 9 10 11	11.98	77%	10.45	5.62
1044	4 5 5 10	11.99	81.2%	11.11	4.49
1045	3 3 6 8	12.03	75%	10.28	5.37
1046	1 5 8 11	12.05	89.2%	12.38	5.4
1047	2 5 5 7	12.05	82.1%	11.5	4.8
1048	2 5 7 13	12.05	84%	12	5.65
1049	3 5 10 13	12.06	82.6%	11.32	5.55
1050	5 5 8 12	12.09	79.5%	11.18	5.23
1051	2 4 4 5	12.14	82.6%	11.22	4.97
1052	4 10 11 13	12.14	76.2%	10.52	5.61
1053	2 3 5 13	12.16	86%	12.13	5.37
1054	2 6 6 7	12.17	78.6%	10.71	5.57
1055	5 8 10 12	12.17	83.6%	11.36	5.18
1056	3 3 3 4	12.19	82.7%	11.58	6
1057	4 4 6 9	12.2	77.5%	10.56	5.57
1058	7 10 10 12	12.2	77.9%	10.96	4.98
1059	5 7 11 13	12.22	71.5%	9.98	5.09
1060	7 8 9 10	12.23	79.8%	11.27	5.46
1061	3 4 9 9	12.25	85.1%	12.08	5.09
1062	2 4 4 10	12.27	89.8%	12.27	4.88
1063	2 5 8 10	12.31	82.5%	11.28	4.93
1064	4 4 7 8	12.32	84.4%	12.19	5.42
1065	6 9 10 12	12.35	81.1%	11.57	6.18
1066	2 5 7 11	12.36	82.4%	11.74	5.78
1067	2 3 6 12	12.38	91.1%	12.83	5.19
1068	3 3 9 13	12.39	75.2%	10.52	5.8
1069	6 9 11 13	12.41	72.9%	10.17	5.73
1070	3 5 11 12	12.47	79.8%	11.3	5.8
1071	1 4 5 7	12.51	87.9%	12.57	5.37
1072	7 9 10 11	12.55	77%	10.84	5.28
1073	2 4 5 7	12.56	79%	11.42	5.68
1074	4 5 8 13	12.57	77.5%	11.2	5.91
1075	3 5 6 11	12.58	82.5%	11.87	6.52
1076	4 6 9 13	12.62	85.4%	12.62	5.13
1077	5 6 10 12	12.62	76.1%	10.83	5.34
1078	4 4 6 10	12.68	87.2%	12.73	5.39
1079	1 5 8 13	12.69	79.8%	11.48	5.76
1080	7 7 9 10	12.69	75.2%	11.34	5.23
1081	2 3 3 3	12.7	82.2%	11.78	5.91
1082	4 7 10 12	12.7	80.3%	11.37	5.47
1083	4 4 6 8	12.76	84.2%	12.28	6.56
1084	5 7 7 9	12.78	73.8%	11.12	5.02
1085	2 4 8 13	12.81	82.2%	12.11	5.76
1086	1 4 6 6	12.88	79.7%	11.73	6.36
1087	2 5 10 13	12.9	82%	12.44	5.9
1088	1 4 5 9	12.92	82.3%	12.09	6.71
1089	1 1 6 9	12.93	80.7%	11.18	6.34
1090	2 2 2 9	12.94	76.8%	10.93	6.35
1091	4 4 5 12	12.94	79.3%	11.51	5.91
1092	3 3 5 10	12.95	83.2%	12.34	5.49
1093	4 8 12 12	12.95	86.1%	12.39	5.8
1094	5 9 10 13	12.97	78.3%	11.63	5.95
1095	3 5 6 13	12.98	75.8%	11.17	5.35
1096	1 4 5 8	13.02	83.3%	12.49	5.62
1097	1 4 7 9	13.02	82.2%	12.28	5.33
1098	6 7 7 10	13.02	72.8%	10.64	5.19
1099	2 3 8 8	13.06	80.6%	11.92	5.76
1100	2 7 10 11	13.13	79.5%	12.25	6.09
1101	5 7 10 10	13.13	77%	12.05	5.22
1102	6 9 11 12	13.14	75.8%	11.15	6.19
1103	5 5 7 10	13.15	74%	11.39	4.88
1104	4 10 10 12	13.16	78.5%	11.96	6.18
1105	3 5 7 8	13.24	86.2%	13.12	6.12
1106	2 8 10 13	13.3	81.6%	12.68	5.93
1107	6 8 11 12	13.33	77.9%	12.2	5.63
1108	1 3 6 10	13.34	82.4%	12.14	6.93
1109	1 5 6 11	13.37	81.1%	12.3	6.69
1110	3 6 11 13	13.38	73.3%	10.74	6.14
1111	2 3 5 10	13.42	80.1%	12.21	5.52
1112	2 2 5 9	13.43	74.3%	11.38	5.96
1113	6 7 10 10	13.43	71.8%	10.41	5.58
1114	6 12 12 12	13.45	76.4%	11.23	6.15
1115	2 3 7 8	13.49	80.8%	12.47	5.38
1116	4 5 8 10	13.54	76.2%	11.51	6.07
1117	7 10 11 13	13.57	73.1%	11.13	5.86
1118	3 8 9 11	13.68	80.5%	12.81	6.89
1119	3 5 9 9	13.74	79.6%	12.93	6.13
1120	2 3 8 9	13.78	81.7%	12.94	6.32
1121	2 4 7 9	13.83	81.1%	13.22	6.39
1122	2 10 12 13	13.87	81.4%	13.29	6.06
1123	4 5 8 11	14.09	74.4%	11.75	6.5
1124	2 4 9 10	14.11	79.3%	12.9	5.72
1125	4 4 5 13	14.14	73.7%	11.96	7.08
1126	3 4 4 11	14.17	76.6%	12.54	6.25
1127	5 7 9 11	14.2	71.5%	11.19	5.91
1128	7 9 12 12	14.21	65.1%	9.15	5.26
1129	3 3 9 11	14.22	79.4%	13.09	5.58
1130	3 5 5 11	14.25	79.5%	13.21	5.56
1131	6 10 10 13	14.27	70%	10.8	6.01
1132	2 6 9 12	14.28	83.5%	13.62	6.42
1133	5 9 9 12	14.3	76.2%	12.69	6.48
1134	3 3 8 10	14.31	80.6%	13.68	5.75
1135	3 4 7 12	14.4	82.7%	13.91	5.95
1136	3 4 4 10	14.42	76.7%	12.25	6.69
1137	5 5 9 11	14.42	71.1%	12.33	5.16
1138	1 3 7 9	14.43	80.9%	12.99	5.64
1139	3 3 4 13	14.49	77.2%	12.52	6.94
1140	5 6 6 12	14.57	80.6%	13.3	5.84
1141	3 5 12 12	14.58	66.6%	9.65	5.75
1142	2 5 9 10	14.61	78.4%	13.21	6.23
1143	4 4 4 10	14.61	77.3%	12.89	6.54
1144	1 3 5 6	14.62	86.3%	14.2	5.97
1145	2 5 9 11	14.62	76.6%	13.01	6.87
1146	4 6 9 12	14.63	77.8%	12.81	7.16
1147	7 7 7 12	14.64	66.1%	8.77	6.01
1148	3 4 10 10	14.75	76.4%	13.04	6.08
1149	2 6 12 13	14.83	79%	13.69	5.94
1150	2 2 5 10	14.85	78.5%	13.57	5.76
1151	1 5 5 10	14.88	71.8%	11.52	6.95
1152	5 7 8 10	14.88	71.8%	12.21	5.59
1153	4 6 8 10	14.9	76.7%	12.53	7.42
1154	5 5 5 12	14.96	68.1%	10.01	6.25
1155	1 5 11 12	14.97	71.9%	11.35	6.37
1156	2 4 10 11	14.99	79.3%	13.89	6.48
1157	1 4 4 6	15	80.6%	13.55	6.76
1158	4 7 8 11	15.01	69.9%	10.44	6.38
1159	2 2 7 7	15.04	69.9%	11.47	5.99
1160	3 6 8 13	15.06	81.5%	14.4	6.23
1161	2 5 8 8	15.17	70.9%	11.61	6.53
1162	4 7 8 12	15.17	80%	14.18	6.82
1163	3 6 8 12	15.18	80.8%	14.07	6.55
1164	3 3 9 10	15.34	77.8%	13.87	6.27
1165	1 3 8 10	15.39	71.8%	11.95	6.22
1166	2 6 6 9	15.41	73%	12.62	6.39
1167	2 6 11 12	15.41	78%	13.97	6.21
1168	6 8 9 10	15.47	73.1%	12.73	6.99
1169	2 2 3 4	15.56	76.9%	13.6	6.39
1170	2 3 8 10	15.6	82.5%	15.12	6.76
1171	3 6 6 13	15.6	72.3%	12.28	6.49
1172	2 5 5 9	15.69	78%	14.39	6.05
1173	5 7 12 12	15.69	65.9%	10.31	6.11
1174	4 5 7 13	15.71	72.1%	12.45	6.33
1175	5 6 9 13	15.83	69.9%	12.47	6.07
1176	1 3 12 13	15.84	75.6%	13.68	6.83
1177	2 3 6 7	15.96	81%	14.98	6.51
1178	2 2 6 7	16.11	72.9%	13.11	6.7
1179	10 12 12 12	16.12	64%	10.04	5.54
1180	6 10 11 12	16.17	69.9%	12.93	6.18
1181	1 3 11 12	16.21	76%	13.9	6.9
1182	3 3 8 13	16.23	69.2%	11.77	6.34
1183	1 4 10 12	16.33	72.2%	12.86	6.6
1184	2 6 10 11	16.44	72.7%	13.71	6.89
1185	4 9 9 12	16.54	72%	13.65	6.57
1186	3 10 11 13	16.58	71.6%	13.53	6.44
1187	3 9 9 13	16.59	67.7%	12.15	6.03
1188	5 5 6 8	16.63	78.1%	15.07	6.64
1189	8 8 8 11	16.8	63.3%	10.1	5.89
1190	6 6 9 10	16.9	70.1%	13.29	6.87
1191	2 3 7 10	16.98	77.1%	15.12	6.78
1192	2 2 9 12	17.01	74%	15.09	6.47
1193	2 4 4 9	17.09	73.4%	13.61	7.31
1194	3 8 9 13	17.1	74%	14.92	6.9
1195	3 5 7 12	17.12	71%	13.84	7.48
1196	6 6 6 10	17.17	66.6%	11.68	6.57
1197	9 9 9 12	17.27	64.6%	9.72	6.72
1198	2 3 7 7	17.34	76.2%	15.59	6.77
1199	2 7 10 10	17.35	68%	13.57	6.04
1200	5 7 7 10	17.37	67.1%	13.35	6.49
1201	3 5 8 9	17.4	76%	15.7	7.55
1202	3 6 8 10	17.4	67.7%	12.12	7.06
1203	3 9 9 11	17.48	70.9%	13.63	7.47
1204	2 6 7 10	17.63	70.5%	12.91	7.2
1205	8 10 12 13	17.73	67.4%	14.27	6.1
1206	2 8 10 12	17.88	79.5%	16.46	7.53
1207	3 5 9 10	18.17	68.5%	13.98	7.34
1208	3 4 8 13	18.2	70.2%	13.83	7.65
1209	3 5 12 13	18.23	68.6%	14.44	6.57
1210	2 6 9 10	18.27	69.9%	14.9	6.89
1211	6 8 8 9	18.74	63.5%	11.53	7.07
1212	2 6 8 9	18.75	72.5%	15.85	6.65
1213	2 4 7 8	18.77	77%	16.71	7.15
1214	4 5 6 9	18.78	75.3%	17.07	7.13
1215	4 8 9 12	18.96	73.2%	16.61	7.05
1216	2 2 4 12	19.01	75.8%	15.05	8.9
1217	2 2 9 10	19.08	65.4%	14.23	7.34
1218	7 8 8 10	19.12	61.7%	11.81	7.38
1219	10 10 10 12	19.2	61.7%	9.99	6.57
1220	2 7 12 12	19.28	63.8%	11.92	7.16
1221	2 2 4 4	19.32	72.8%	15.09	8.29
1222	1 3 3 8	19.41	74.1%	15.76	7.82
1223	2 7 10 12	19.55	70.5%	16.13	7.16
1224	2 3 10 10	19.59	68.6%	14.34	7.23
1225	2 3 9 12	19.67	67.8%	12.9	7.32
1226	6 8 10 11	19.82	65.4%	13.55	7.3
1227	2 3 11 11	19.84	69%	15.19	7.92
1228	8 10 12 12	19.86	63.9%	11.89	7.72
1229	1 5 7 10	20.21	70.1%	16.18	7.68
1230	1 3 8 11	20.32	73.2%	16.6	7.88
1231	1 2 8 10	20.42	68.6%	15.12	7.81
1232	3 5 10 11	20.65	70.2%	16.27	8.47
1233	9 11 12 12	20.69	60%	10.83	6.42
1234	3 6 9 13	20.8	70.1%	17.39	7.52
1235	4 4 8 9	20.8	70.1%	16.66	8.21
1236	1 6 10 12	20.82	66.7%	14	7.82
1237	5 9 12 13	20.87	64.2%	16.22	7.15
1238	2 3 3 5	20.95	69.9%	15.85	8.58
1239	2 3 5 8	21.08	73.4%	17.88	7.64
1240	3 5 7 11	21.21	64.3%	14.51	7.74
1241	4 5 7 10	21.37	64.1%	14.36	7.8
1242	3 3 7 8	21.67	68.5%	17.15	8.31
1243	5 7 10 13	22.23	61.8%	16.22	7.19
1244	2 4 5 10	22.73	67.5%	17.41	8.34
1245	2 3 6 8	22.86	75.7%	20.26	8.88
1246	2 9 10 10	23.28	60%	16.88	7.5
1247	3 4 5 13	23.31	66.1%	17.62	8.42
1248	1 5 9 12	23.42	63.6%	14.21	8.92
1249	5 9 11 13	23.74	61.9%	17.07	7.89
1250	5 7 9 10	23.94	62.2%	15.72	8.72
1251	2 4 5 5	24.1	61.3%	15.21	8.35
1252	2 2 5 8	24.13	63.6%	16.67	8.97
1253	8 9 11 11	24.5	59%	15.84	8.36
1254	8 8 9 12	24.52	57.1%	12.62	7.62
1255	6 6 7 11	24.64	58.1%	12.79	8.06
1256	2 5 10 12	24.78	64%	18.01	8.63
1257	4 10 11 12	24.92	62.9%	17.72	8.96
1258	3 4 7 8	24.93	61.4%	14.39	8.27
1259	3 4 4 4	24.98	67.1%	18.02	10.02
1260	5 6 6 9	25.04	60.1%	14.28	8.89
1261	3 5 10 10	25.12	54.5%	12.43	6.58
1262	2 2 6 11	25.28	62.1%	18.48	8.38
1263	4 9 10 12	25.58	62%	17.29	9.13
1264	4 7 8 10	25.76	63.4%	18.73	9.16
1265	2 6 9 9	26.1	57.8%	14.07	7.63
1266	5 6 7 9	26.2	61.2%	16.31	9.39
1267	3 9 11 13	26.5	57.9%	14.29	8.6
1268	1 7 12 13	26.87	57.6%	15	9.07
1269	2 3 13 13	26.87	58.5%	17.73	9.62
1270	1 4 9 13	27.24	61.9%	18.63	9.83
1271	4 10 10 11	27.36	55.5%	19.05	9.01
1272	3 4 5 11	28.23	63.5%	21.02	10.02
1273	6 6 9 13	28.48	54.4%	13.06	8.09
1274	2 3 7 9	28.49	59.2%	17.86	9.78
1275	3 3 6 6	28.56	58.4%	14.36	8.48
1276	4 5 9 12	28.96	61.6%	21.93	9.89
1277	2 2 7 10	30.06	54.3%	16.15	8.57
1278	2 5 12 13	30.61	59%	22.39	9.71
1279	1 4 6 10	30.91	56.7%	18.49	9.06
1280	4 4 7 13	31.09	54.6%	15.32	9.65
1281	1 2 7 7	31.4	56%	16.96	10.38
1282	3 6 7 10	31.67	58.1%	21.81	10.45
1283	2 5 8 12	32.82	55.1%	17.8	9.92
1284	2 2 3 10	34.79	55.6%	18.55	10.36
1285	2 2 6 9	34.82	52.9%	17.66	9.63
1286	2 5 7 9	34.83	53.7%	23.74	10.28
1287	2 4 7 7	35.04	51.3%	17.12	9.49
1288	3 8 10 12	35.17	53.6%	20.92	10.73
1289	6 7 11 11	35.29	46.5%	19.97	10.19
1290	7 9 11 12	35.3	50.4%	17.44	10.36
1291	4 7 9 11	37.27	52.1%	23.04	11.39
1292	3 6 6 10	38.56	49.7%	18.47	10.35
1293	7 8 9 12	39.08	49.6%	15.76	9.87
1294	5 5 8 11	39.21	46.3%	24.94	10.98
1295	2 2 3 5	39.24	51.4%	15.69	9.14
1296	5 10 10 11	41.06	41.5%	15.04	7.18
1297	1 5 11 11	41.72	43.9%	15.8	9.78
1298	1 7 13 13	43.93	42.3%	13.85	8.43
1299	1 2 9 11	43.95	46%	22.14	11.81
1300	1 5 5 5	44.95	44.2%	11.66	7.18
1301	4 9 11 11	45.64	44.1%	25.09	13.73
1302	5 9 10 11	47.42	43.6%	28.43	13.68
1303	6 7 7 11	48.16	42.5%	27.27	14.32
1304	3 3 7 7	50.46	40.9%	12.4	7.11
1305	8 9 10 12	50.54	43.7%	22.04	14.18
1306	3 5 8 13	51.19	41.7%	30.82	13.88
1307	5 10 10 13	52	38.4%	17.49	8.19
1308	1 3 9 10	52.92	41.9%	23.75	12.35
1309	2 5 6 9	53.37	44.4%	26.76	13.6
1310	1 6 11 13	53.47	38.5%	18.46	9.7
1311	6 12 12 13	53.49	39.4%	14.52	7.61
1312	4 4 10 10	54.59	41.1%	13.32	9.07
1313	4 6 6 10	55.74	40.8%	22.87	12.1
1314	4 4 7 7	55.98	39.6%	13.94	7.5
1315	5 7 9 12	55.99	40.6%	18.05	11.57
1316	4 6 7 9	56.75	42.8%	19.73	12.08
1317	2 2 11 11	57.58	40.3%	12.61	8.23
1318	4 5 6 12	58.74	43.6%	19.4	13.8
1319	6 11 12 12	58.8	37.6%	15.21	8.45
1320	6 7 8 12	59.52	42.6%	16.25	11.64
1321	3 5 8 12	60.15	38.9%	27.93	12.99
1322	3 4 6 13	60.17	41.7%	19.98	11.5
1323	4 7 11 13	60.24	37.7%	31.82	16.47
1324	4 5 6 11	60.87	38.9%	19.52	10.52
1325	2 4 11 12	61.32	39.6%	23.63	12.72
1326	2 2 13 13	61.92	37.7%	13.6	7.95
1327	5 7 10 11	61.93	35.8%	23.01	12.67
1328	5 8 9 13	64.8	35.5%	34.56	16.3
1329	5 6 8 13	65.06	37.7%	22.26	11.14
1330	2 7 8 9	65.28	40.6%	19.15	10.98
1331	7 10 12 13	66.49	38.5%	21.81	11.96
1332	2 2 6 13	68.62	33.9%	31.27	16.1
1333	5 6 9 11	71.11	34.1%	26.12	14.84
1334	1 4 7 11	72.93	35.7%	29.35	16.01
1335	6 9 9 10	81.28	31.3%	32.36	17.96
1336	2 5 7 8	82.03	34%	29	15.64
1337	7 8 8 13	84.19	29.7%	27.8	15.11
1338	4 8 8 13	84.87	30%	24.59	13.44
1339	5 7 7 11	86.27	27.4%	25.56	12.88
1340	3 3 7 13	87.15	27.9%	33.31	18.54
1341	4 8 8 11	87.32	29.7%	23.62	13.61
1342	3 8 8 10	87.78	29.1%	25.95	15.71
1343	7 8 10 11	88.45	30.2%	24.32	14.11
1344	5 5 7 11	88.52	26.7%	26.32	13.13
1345	2 7 7 10	91.35	27%	26.78	12.22
1346	1 6 6 8	91.95	30.5%	20.84	12.22
1347	2 3 8 13	92.19	32%	23.43	12.29
1348	3 3 8 8	95.53	31.8%	15.86	10.62
1349	2 2 10 11	95.65	30.3%	26.31	16.74
1350	9 11 12 13	96.06	28.1%	21.95	12.66
1351	3 3 5 7	98.94	29.5%	29.38	17.53
1352	3 6 6 11	101.07	27.9%	24.96	14.85
1353	1 8 12 12	103.24	29.9%	19.98	12.71
1354	2 9 13 13	103.85	25.5%	31.12	19
1355	2 4 7 12	104.41	28.5%	29.95	16.35
1356	2 4 10 10	109.74	26.4%	29.16	18.33
1357	3 7 9 13	110.57	26%	40.26	21.56
1358	3 5 7 13	112.36	23.9%	41.24	22.1
1359	2 5 5 10	178.53	22.4%	24.3	16.34
1360	1 4 5 6	187.31	29.8%	17.67	10.76
1361	1 3 4 6	196.8	27.7%	19.35	11.49
1362	2 3 5 12	207.08	20.8%	30.55	22.24